  150.299367   1.788264   0.7429
  150.296002   1.777292   0.759
  150.280007   1.743823   0.0
  150.279514   1.701568   0.773
  150.310147   1.673747   0.527
  150.234049   1.670167   0.2662
  150.329632   1.659527   0.3648
  150.319798   1.656036   0.344
  150.209373   1.791559   0.3726
  150.073971   1.772608   0.7335
  150.173907   1.75942    0.3397
  150.135934   1.750875   0.4033
  150.143863   1.719744   0.3486
  150.162405   1.714474   0.7426
  150.119843   1.692379   0.3383
  150.184946   1.69439    0.569
  150.142172   1.686694   0.7311
  150.178891   1.678343   0.553
  150.136157   1.676691   0.792
  150.213432   1.674213   0.1664
  150.188572   1.654972   0.516
  150.188756   1.646586   0.2208
  150.164236   1.672046   0.839
  150.217481   1.665961   0.7125
  150.145697   1.643715   0.843
  149.915263   1.78962    0.745
  149.914563   1.783327   0.2663
  149.896268   1.760952   0.3514
  149.97996    1.765262   0.7309
  150.009859   1.736792   0.2214
  150.032152   1.731133   0.6027
  149.990473   1.721019   0.3728
  149.886934   1.769744   0.1243
  149.847791   1.76217    0.7142
  149.848274   1.760449   0.7469
  149.734326   1.754776   0.6335
  149.785323   1.749322   0.2199
  149.794291   1.729314   0.3504
  149.815163   1.720438   0.6948
  149.812781   1.705319   0.446
  149.845275   1.70979    0.7544
  149.738282   1.707311   0.6697
  149.759928   1.701453   0.8085
  149.776823   1.699728   0.7727
  149.833969   1.684342   0.7505
  149.846279   1.680101   0.747
  149.813175   1.66251    0.6775
  149.634106   1.781956   0.6151
  149.64004    1.777964   0.1645
  149.586434   1.769299   0.7835
  149.607806   1.767245   0.4478
  149.692653   1.698531   0.481
  149.704657   1.694004   0.673
  149.688278   1.678561   0.2194
  149.700388   1.673861   0.8051
  150.338567   1.794116   0.34
  150.22753    1.794484   0.8073
  150.322739   1.953057   0.5095
  150.278355   1.948399   0.0
  150.308097   1.916507   0.8426
  150.331029   1.879749   0.8386
  150.326986   1.870452   0.7847
  150.315122   1.847922   0.4728
  150.328667   1.826871   0.8117
  150.306394   1.810549   0.3929
  150.312419   1.807314   0.3946
  150.080769   1.793484   0.7234
  150.182881   1.906682   0.0
  150.18894    1.909984   0.472
  150.08486    1.906149   0.837
  150.20334    1.903811   0.674
  150.087562   1.899836   0.3422
  150.195167   1.841525   0.808
  150.089849   1.829576   0.0
  150.199739   1.826578   0.0
  150.067625   1.82302    0.3361
  150.071655   1.819017   0.677
  150.072204   1.813177   0.3707
  150.163517   1.805734   0.3372
  150.081549   1.805749   0.8138
  149.950607   1.955442   0.3413
  149.991515   1.948813   0.7098
  149.927312   1.9383     0.7372
  149.948424   1.932153   0.3415
  149.935153   1.927675   0.677
  149.917845   1.91011    0.7747
  149.932208   1.907356   0.8171
  150.028962   1.889047   0.722
  149.910439   1.88508    0.731
  150.000712   1.876586   0.3184
  149.973413   1.869785   0.1242
  149.939105   1.84805    0.6299
  149.991252   1.836425   0.7911
  149.942782   1.822544   0.3686
  150.039295   1.81877    0.3605
  150.041517   1.80124    0.2668
  149.834673   1.796062   0.694
  149.892207   1.953275   0.6824
  149.751561   1.88755    0.7605
  149.857699   1.887563   0.444
  149.760687   1.871199   0.5316
  149.817397   1.863382   0.738
  149.821413   1.852852   0.7416
  149.821126   1.84531    0.7595
  149.732739   1.839615   0.7869
  149.835949   1.801467   0.7158
  149.621397   1.956688   0.8284
  149.637594   1.93313    0.4033
  149.62681    1.917629   0.7432
  149.593062   1.904791   0.8342
  149.684365   1.89992    0.3398
  149.64773    1.882074   0.7659
  149.607036   1.87051    0.7613
  149.647854   1.87645    0.3552
  149.692421   1.859318   0.1236
  149.691846   1.828472   0.4713
  150.231555   2.118946   0.684
  150.297072   2.11771    0.1676
  150.30201    2.099815   0.1873
  150.31449    2.064207   0.7376
  150.331172   2.047224   0.729
  150.230608   2.048572   0.8298
  150.28007    2.021013   0.2474
  150.312937   1.999404   0.7256
  150.301044   1.978438   0.3884
  150.277791   1.967648   0.3315
  150.224467   2.104747   0.7433
  150.090791   2.086645   0.3088
  150.075356   2.081426   0.1235
  150.198504   2.068475   0.1853
  150.161298   2.071042   0.748
  150.091865   2.040268   0.3691
  150.191353   2.039262   0.7342
  150.182883   2.029317   0.2241
  150.068021   2.017114   0.3416
  150.176425   2.013948   0.572
  150.112322   2.005241   0.1653
  150.121299   1.997405   0.7751
  150.0918     1.984238   0.8374
  149.950057   2.11499    0.7094
  149.901127   2.11144    0.7785
  150.024927   2.039386   0.3145
  149.997624   2.027016   0.76
  149.902933   1.985337   0.743
  150.000377   1.978608   0.0802
  150.048955   1.974372   0.668
  149.97227    1.969084   0.824
  149.948209   2.125629   0.714
  149.893561   2.107717   0.6866
  149.875363   2.070206   0.6615
  149.876126   2.0727     0.6875
  149.78636    2.063602   0.3499
  149.786642   2.060271   0.3501
  149.737665   2.065187   0.676
  149.881262   2.055276   0.8316
  149.829111   2.015854   0.3614
  149.808106   1.997578   0.7937
  149.839818   1.976615   0.7379
  149.754252   1.969094   0.7306
  149.790111   1.967321   0.6419
  149.687279   2.103871   0.707
  149.702586   2.033001   0.34
  149.701171   2.004449   0.842
  149.641612   1.980233   0.8282
  149.653371   1.968016   0.3378
  150.273207   2.273066   0.8498
  150.339199   2.181551   0.4985
  150.277085   2.145195   0.7747
  150.27081    2.140977   0.8065
  150.286712   2.132594   0.8348
  150.16393    2.290931   0.7559
  150.081915   2.281729   0.7341
  150.11368    2.27556    0.659
  150.130327   2.259617   0.722
  150.111277   2.253923   0.7755
  150.090475   2.230869   0.689
  150.07046    2.216151   0.6009
  150.163791   2.21282    0.8392
  150.076053   2.190515   0.1521
  150.067726   2.193735   0.2235
  150.213866   2.188317   0.8
  150.173857   2.17805    0.7964
  150.201448   2.16768    0.3411
  150.092934   2.166349   0.7262
  150.079119   2.161083   0.38
  150.116988   2.149545   0.725
  150.111706   2.138116   0.758
  150.124261   2.134741   0.724
  149.916265   2.283903   0.133
  149.974443   2.250696   0.8422
  150.031689   2.244002   0.8398
  149.918064   2.231128   0.7895
  149.920982   2.226285   0.7535
  149.913555   2.200803   0.688
  150.000507   2.185095   0.2075
  150.010245   2.152192   0.2502
  149.922574   2.142229   0.252
  149.80359    2.288862   0.7608
  149.84147    2.267178   0.849
  149.75399    2.261448   0.355
  149.811788   2.250648   0.8444
  149.837053   2.241986   0.3035
  149.787674   2.223086   0.3029
  149.856809   2.235528   0.7972
  149.884504   2.228704   0.4719
  149.893335   2.220035   0.8232
  149.789221   2.209771   0.7292
  149.740446   2.178214   0.3392
  149.787011   2.161113   0.3547
  149.798249   2.158483   0.2613
  149.739898   2.141605   0.6994
  149.799623   2.140083   0.3549
  149.703788   2.273017   0.3408
  149.725415   2.257755   0.7072
  149.682133   2.193669   0.7284
  149.6845     2.191591   0.8157
  150.228528   2.437136   0.829
  150.268899   2.333438   0.749
  150.315173   2.326457   0.429
  150.241616   2.321052   0.3732
  150.210669   2.458688   0.1893
  150.172472   2.423893   0.716
  150.185372   2.420285   0.5165
  150.118535   2.415571   0.837
  150.170392   2.412259   0.7054
  150.20253    2.397569   0.8439
  150.169096   2.374579   0.755
  150.064623   2.371237   0.3396
  150.178224   2.369319   0.7276
  150.139683   2.362886   0.7475
  150.172634   2.353898   0.7587
  150.176978   2.346903   0.8328
  150.161846   2.340971   0.6068
  150.068469   2.323418   0.6792
  150.210191   2.311689   0.748
  150.035628   2.455368   0.677
  150.04935    2.439762   0.4398
  149.93884    2.433342   0.3125
  150.04866    2.425501   0.441
  149.947797   2.42205    0.8392
  149.947066   2.417192   0.7597
  149.941724   2.395747   0.7583
  149.916481   2.381101   0.8368
  149.907964   2.368895   0.8408
  150.004921   2.344815   0.4254
  149.917341   2.314011   0.788
  150.045592   2.3115     0.797
  149.907368   2.297516   0.7643
  149.834162   2.452656   0.2472
  149.791851   2.445588   0.2602
  149.852912   2.402296   0.0
  149.877512   2.352263   0.7595
  149.813483   2.339224   0.3824
  149.816872   2.332403   0.7603
  149.741563   2.327483   0.7891
  149.816992   2.306936   0.8368
  149.754747   2.304137   0.8274
  149.853885   2.303814   0.7891
  149.812837   2.297433   0.8498
  149.695776   2.306937   0.6669
  150.228586   2.523925   0.3789
  150.232392   2.519598   0.6889
  150.192567   2.580673   0.8378
  150.173968   2.568757   0.8304
  150.095323   2.568102   0.7011
  150.193963   2.551249   0.1068
  150.142453   2.544282   0.8328
  150.189509   2.507525   0.2196
  150.205675   2.505772   0.7153
  150.072158   2.500891   0.732
  150.092333   2.482      0.2495
  150.206356   2.485498   0.7331
  150.084087   2.473676   0.7245
  150.119198   2.477522   0.3753
  150.135278   2.466584   0.8436
  149.933321   2.606374   0.8
  149.921094   2.604277   0.692
  149.989454   2.558455   0.0
  149.935142   2.513649   0.8328
  149.915064   2.506362   0.668
  149.984398   2.483985   0.7993
  149.999259   2.474411   0.4873
  149.899825   2.476436   0.7314
  149.920923   2.472763   0.7559
  149.820246   2.581872   0.5021
  149.73231    2.558507   0.6742
  149.757145   2.524264   0.7394
  149.747166   2.489687   0.4833
  149.873712   2.467767   0.6066
  149.707306   2.583137   0.3158
  149.702335   2.5098     0.488
  149.683736   2.478859   0.3131
  149.919558   2.626989   0.833
  149.993921   2.699801   0.7286
  149.935961   2.66684    0.4737
  150.003571   2.661531   0.0
  150.044039   2.643886   0.6976
  150.018249   2.640517   0.3408
  149.92482    2.629393   0.8378
  149.883346   2.673888   0.2179
  150.278097   1.783834   1.0133
  150.281472   1.780426   1.1173
  150.302791   1.748156   1.052
  150.259582   1.751305   1.2251
  150.302154   1.739257   0.9908
  150.301073   1.731211   1.0193
  150.260702   1.722253   1.069
  150.276952   1.719289   1.0915
  150.308806   1.713253   0.8502
  150.310551   1.708115   1.0043
  150.263704   1.698328   0.872
  150.327871   1.695377   1.0475
  150.288444   1.687033   1.2216
  150.334884   1.684117   0.9998
  150.277431   1.682168   1.0075
  150.314234   1.671503   1.1706
  150.292803   1.669141   1.1366
  150.294972   1.667396   1.2203
  150.324711   1.665068   0.986
  150.263824   1.662788   1.1213
  150.07471    1.790405   0.9355
  150.072914   1.788165   1.0893
  150.185533   1.785728   1.2471
  150.189766   1.78262    1.2235
  150.17793    1.7769     0.9702
  150.196427   1.77468    1.2465
  150.134007   1.767836   1.1637
  150.104759   1.761042   0.9998
  150.071575   1.756973   1.2466
  150.069302   1.755051   1.2447
  150.17403    1.749728   0.9718
  150.206436   1.747996   1.1221
  150.201261   1.745453   1.1725
  150.206692   1.743274   1.0437
  150.065399   1.745945   1.1451
  150.100868   1.741363   1.2007
  150.172059   1.739798   1.1983
  150.217821   1.73563    1.1709
  150.076711   1.735097   1.2337
  150.179152   1.733046   1.2291
  150.161975   1.725204   1.1843
  150.077232   1.724944   1.1838
  150.090903   1.722408   1.234
  150.069393   1.712578   1.1446
  150.192823   1.710173   1.0427
  150.20947    1.701233   1.0421
  150.079902   1.699767   1.1637
  150.084523   1.696321   1.0657
  150.177272   1.688276   1.1851
  150.105983   1.684001   1.038
  150.132011   1.672765   0.9127
  150.139372   1.668136   0.911
  150.218354   1.664191   1.2313
  150.125726   1.657256   0.885
  150.0986     1.651674   1.1497
  150.172171   1.653276   1.2479
  150.092122   1.649182   1.1749
  150.078265   1.646624   1.2031
  150.184572   1.642566   0.9046
  149.999467   1.79173    1.1613
  150.024455   1.789344   1.1634
  149.999791   1.787614   1.0215
  149.928314   1.778626   1.0992
  149.974521   1.753594   0.9952
  149.920307   1.737034   1.122
  150.007898   1.738935   1.2417
  150.033609   1.734205   1.013
  150.03451    1.727975   1.1371
  149.990973   1.722895   1.1334
  150.019504   1.71107    1.1181
  149.978404   1.707283   1.1862
  150.024919   1.699681   0.9714
  149.92539    1.699424   1.075
  150.02835    1.695729   1.028
  149.971254   1.697575   1.1854
  150.047449   1.676542   1.2364
  149.977455   1.683472   1.0174
  150.034605   1.681261   1.1178
  149.898441   1.679012   1.022
  149.934651   1.675032   0.986
  149.943931   1.66882    1.1493
  150.030501   1.670525   0.894
  149.975596   1.668274   1.0166
  149.988755   1.65905    1.1344
  149.990999   1.655277   1.11
  150.016866   1.648939   1.1355
  149.745438   1.78795    1.1806
  149.728992   1.785207   1.1712
  149.820594   1.775852   0.9933
  149.88482    1.773132   1.0606
  149.813959   1.770479   1.2066
  149.780111   1.765888   0.9243
  149.808935   1.746365   0.9983
  149.797033   1.73131    1.2487
  149.889867   1.728993   1.121
  149.834867   1.72594    1.2498
  149.776647   1.718442   0.9933
  149.841754   1.715059   0.996
  149.779121   1.702044   1.124
  149.817506   1.676819   1.2468
  149.8314     1.668238   1.2329
  149.803476   1.651189   1.1535
  149.738697   1.648446   1.169
  149.849657   1.790861   0.9263
  149.692681   1.789953   1.0464
  149.692338   1.779605   1.1959
  149.685802   1.775966   0.9426
  149.70847    1.764511   1.2141
  149.621024   1.760643   1.1749
  149.709693   1.745592   1.1975
  149.694042   1.738867   0.8848
  149.684348   1.735186   1.036
  149.709762   1.726544   1.2098
  149.682295   1.681464   0.9233
  149.724916   1.668866   1.1438
  150.327039   1.959403   1.1747
  150.294107   1.954986   1.0231
  150.320186   1.950574   1.1368
  150.292971   1.945843   1.1738
  150.276101   1.930172   1.2433
  150.277337   1.919331   0.9814
  150.228317   1.917273   1.1717
  150.303464   1.911273   0.97
  150.293343   1.907279   1.0665
  150.330475   1.902074   1.1733
  150.319386   1.900188   1.1626
  150.312983   1.897604   1.1687
  150.309771   1.89526    1.2372
  150.279812   1.891876   1.1725
  150.308309   1.88983    1.0362
  150.285435   1.883898   1.1642
  150.278513   1.877064   1.1631
  150.276185   1.867951   0.9088
  150.261916   1.864363   1.1492
  150.335625   1.861162   0.9406
  150.296583   1.852277   1.1202
  150.27636    1.843318   1.1821
  150.287875   1.846169   1.0888
  150.287725   1.840178   1.1626
  150.283403   1.835733   1.1201
  150.316157   1.833468   1.235
  150.280684   1.831442   1.0209
  150.328877   1.823364   1.201
  150.318779   1.817727   1.2195
  150.292717   1.815621   1.1717
  150.309733   1.804356   0.986
  150.176453   1.955215   1.1489
  150.206949   1.947004   1.0102
  150.126983   1.946901   0.9802
  150.145849   1.94407    1.2106
  150.105794   1.939272   1.0909
  150.127097   1.936898   0.9351
  150.128805   1.923258   0.9555
  150.172814   1.92376    1.0134
  150.160096   1.921666   0.9919
  150.076559   1.918918   1.2272
  150.101994   1.916091   1.1771
  150.081833   1.908287   0.9697
  150.134829   1.901609   1.1706
  150.133811   1.895273   1.1735
  150.178976   1.898901   1.141
  150.108055   1.893293   1.1242
  150.090142   1.888981   1.2273
  150.196729   1.888646   1.1714
  150.084541   1.885643   0.852
  150.193772   1.886658   1.2452
  150.163669   1.876621   1.1698
  150.17564    1.881445   1.1242
  150.093757   1.87651    1.019
  150.077602   1.875114   1.1752
  150.095876   1.872549   1.1242
  150.124852   1.868828   1.1628
  150.205034   1.863141   1.0179
  150.080222   1.849579   0.86
  150.143708   1.841841   1.034
  150.199322   1.838845   0.867
  150.079094   1.843783   1.2275
  150.196988   1.842775   0.9231
  150.093603   1.839717   1.1695
  150.120284   1.833115   1.2466
  150.068608   1.824806   1.0252
  150.221976   1.824581   1.1628
  150.090777   1.82114    0.9943
  150.083791   1.815372   0.9712
  150.111155   1.807832   1.1089
  149.99928    1.955391   1.1806
  149.908879   1.944347   0.9932
  149.934789   1.924287   1.036
  149.930514   1.915529   1.0998
  149.998439   1.913478   1.1696
  149.943759   1.911958   0.97
  149.924149   1.901401   0.9694
  149.919553   1.898692   0.8651
  149.926821   1.896924   1.227
  149.987884   1.886408   0.968
  149.994332   1.881534   1.0207
  149.896549   1.880405   1.1749
  149.898498   1.869002   1.022
  150.032198   1.865011   1.1202
  149.946176   1.8581     0.8504
  149.989374   1.855675   1.0215
  149.948161   1.849771   1.2493
  149.977255   1.848033   1.0204
  149.932846   1.839548   0.8856
  149.90212    1.841645   0.9697
  149.990073   1.839967   1.169
  149.979186   1.827842   1.1677
  149.92012    1.826566   1.0228
  149.993056   1.813626   1.0273
  150.011247   1.805089   1.0926
  149.896947   1.799134   1.0472
  149.757431   1.953961   1.2361
  149.859069   1.943861   0.9265
  149.875797   1.940999   0.8836
  149.734545   1.932277   1.2493
  149.848721   1.922171   1.0812
  149.806423   1.913479   1.2316
  149.804084   1.904135   1.2324
  149.812323   1.900624   1.0963
  149.877325   1.89119    1.1028
  149.875191   1.88721    0.9549
  149.83307    1.885464   1.2294
  149.888226   1.871122   1.2219
  149.781433   1.861049   0.9959
  149.781013   1.855301   1.1787
  149.888347   1.851531   0.918
  149.83622    1.848062   1.1704
  149.805375   1.84175    1.0639
  149.742548   1.824552   0.9058
  149.74127    1.811664   0.9115
  149.791675   1.799091   1.0333
  149.816359   1.958864   1.2101
  149.648029   1.794816   1.1835
  149.596533   1.950744   1.1752
  149.702062   1.947327   1.171
  149.710619   1.944931   1.1849
  149.586929   1.947939   1.2039
  149.716987   1.941326   1.0555
  149.697678   1.937307   1.0045
  149.702533   1.929448   1.0059
  149.685671   1.919855   1.1594
  149.64257    1.915299   0.9804
  149.690844   1.916448   1.1714
  149.637894   1.913097   1.0649
  149.620949   1.909997   1.2034
  149.710957   1.907765   1.0021
  149.63027    1.902596   0.9918
  149.645699   1.88784    1.1733
  149.60712    1.87356    1.1902
  149.636007   1.864338   1.1948
  149.609794   1.862292   1.1205
  149.689038   1.842909   0.9957
  149.642257   1.831078   1.1532
  149.70903    1.82274    1.1564
  149.703302   1.805236   1.2066
  149.703716   1.801071   1.0381
  149.600946   1.799139   0.9729
  149.715464   1.797347   1.0247
  149.71169    1.794547   0.9946
  150.283884   2.124741   1.2238
  150.299291   2.108383   1.019
  150.282239   2.103164   1.1438
  150.332149   2.097482   0.8502
  150.319335   2.094229   0.9228
  150.26494    2.082486   0.8873
  150.321071   2.080631   0.8856
  150.266136   2.076071   1.0808
  150.265534   2.078303   0.9185
  150.228425   2.074704   1.238
  150.314756   2.073075   1.1645
  150.33004    2.070298   0.8663
  150.26759    2.066544   1.1234
  150.322536   2.058329   1.1964
  150.258094   2.062343   1.1916
  150.264672   2.050256   0.9085
  150.315472   2.036687   0.9528
  150.315949   2.033859   1.1883
  150.311432   2.00361    1.2194
  150.278456   2.00906    0.9737
  150.328316   2.006262   0.866
  150.314757   2.001531   0.8987
  150.293619   1.995595   1.2162
  150.327312   1.987105   1.1736
  150.268539   1.97525    1.0609
  150.263863   1.971375   0.938
  150.315897   1.969498   1.1899
  150.13234    2.124055   1.237
  150.073969   2.122285   1.1528
  150.17966    2.107804   1.0279
  150.101275   2.117293   0.9358
  150.129851   2.11086    0.9372
  150.218526   2.112586   0.9914
  150.199094   2.110489   0.933
  150.13739    2.107078   1.2388
  150.167931   2.099094   0.998
  150.082281   2.099959   1.0354
  150.173352   2.087076   1.238
  150.218071   2.079279   1.077
  150.099428   2.078517   0.9417
  150.094459   2.066845   1.1776
  150.169791   2.065455   1.2141
  150.206543   2.059632   1.0121
  150.106627   2.054471   0.8779
  150.191277   2.05556    1.0969
  150.195546   2.053288   1.1714
  150.190354   2.050738   1.1309
  150.074491   2.035695   1.1741
  150.183342   2.026635   1.0314
  150.119336   2.023586   1.1816
  150.192519   2.019528   1.0128
  150.133822   2.020084   0.9852
  150.109994   2.011189   1.0606
  150.112611   2.009136   1.0694
  150.130102   2.012917   0.956
  150.118438   2.002797   1.1832
  150.188273   1.998643   1.1916
  150.198027   2.000459   1.1441
  150.199988   1.996329   1.2434
  150.163239   1.98837    1.1967
  150.224641   1.983806   1.1838
  150.065819   1.982377   1.0614
  150.181304   1.977377   1.1771
  150.12619    1.97437    1.0912
  150.226103   1.969287   1.1948
  150.128209   1.967704   1.1677
  150.128435   1.96254    1.1873
  150.208644   2.121059   1.187
  149.907927   1.959797   1.001
  150.026992   2.116377   1.1951
  149.97684    2.10763    0.994
  149.936193   2.099896   1.1248
  149.975525   2.099222   1.1977
  149.91114    2.097718   0.8674
  150.02879    2.092314   0.943
  150.014082   2.088672   1.18
  150.01791    2.086691   1.1553
  149.918867   2.077789   1.2348
  149.986633   2.072538   1.143
  150.0118     2.042325   0.956
  150.006059   2.032121   1.1913
  149.980824   2.021309   0.9474
  150.004023   2.01772    1.1258
  149.987777   2.007292   1.1921
  149.92948    1.990756   1.1862
  150.005906   2.001591   1.1558
  150.01069    1.987391   1.1811
  150.005889   1.976528   0.9981
  150.013785   1.967284   1.0
  149.730237   1.9599     1.1664
  149.803158   2.119205   1.1672
  149.84152    2.11722    1.1588
  149.811285   2.114785   1.0995
  149.789865   2.111464   1.2399
  149.884032   2.105065   1.1555
  149.816659   2.100339   1.2294
  149.841339   2.09838    1.179
  149.890313   2.094511   1.0303
  149.811412   2.091868   1.238
  149.818906   2.07962    1.1733
  149.836896   2.073396   1.1795
  149.82406    2.0714     1.1666
  149.873924   2.060878   1.1454
  149.79589    2.053825   1.0531
  149.833104   2.051335   1.0976
  149.828072   2.036388   1.2353
  149.814807   2.028017   1.1564
  149.81459    2.022043   1.2353
  149.739616   2.01808    0.974
  149.751634   2.012195   1.2093
  149.757461   2.014335   0.923
  149.749965   2.007232   1.2369
  149.812346   2.005025   1.0255
  149.749539   2.002118   1.1994
  149.743295   1.993525   1.121
  149.856518   1.986568   0.9591
  149.795412   1.984498   1.1562
  149.892851   1.983272   1.1674
  149.790558   1.982807   1.0952
  149.778279   1.979753   1.2463
  149.761142   1.973043   0.9934
  149.779508   1.973375   1.2477
  149.873726   1.971591   1.0198
  149.704908   2.124773   1.1019
  149.70547    2.114552   1.0569
  149.709249   2.105577   1.246
  149.721669   2.084703   1.0317
  149.724023   2.081771   1.0303
  149.68999    2.07364    0.9155
  149.709142   2.055799   1.1516
  149.694661   2.052326   0.9788
  149.718745   2.04963    1.2069
  149.700134   2.036958   1.0
  149.717119   2.035078   1.2135
  149.690064   2.030206   1.1508
  149.610142   1.993421   0.9866
  149.586411   1.990442   0.9884
  149.624511   1.983976   1.1752
  149.585279   1.977165   1.0241
  149.690066   1.966868   0.9973
  150.314419   2.290066   0.926
  150.294727   2.262218   1.11
  150.301452   2.259114   1.0799
  150.322067   2.247424   1.2127
  150.306891   2.243111   1.0877
  150.27446    2.236057   1.0877
  150.28975    2.233869   1.1486
  150.228161   2.225615   0.907
  150.303851   2.222554   0.9107
  150.275353   2.216698   1.1406
  150.309226   2.208919   1.0856
  150.258199   2.196145   1.2427
  150.279287   2.18721    1.1473
  150.273726   2.184544   0.9053
  150.277147   2.179219   1.2157
  150.262004   2.176715   1.0104
  150.307655   2.16023    1.0389
  150.295134   2.154687   1.0209
  150.291158   2.151262   0.9035
  150.285626   2.148577   1.1371
  150.267928   2.138117   0.9113
  150.117424   2.286304   0.895
  150.213143   2.279521   0.9341
  150.078454   2.27073    1.086
  150.14359    2.26842    0.9219
  150.088435   2.265483   0.979
  150.175712   2.265588   1.1709
  150.09242    2.262214   1.1776
  150.162786   2.250762   1.2302
  150.217193   2.244942   1.2053
  150.114396   2.242608   1.1955
  150.224681   2.239265   0.9868
  150.172487   2.233617   0.9335
  150.124991   2.233416   1.1218
  150.173108   2.227929   0.986
  150.103067   2.223244   1.1551
  150.185696   2.222355   1.2203
  150.07211    2.220187   1.1401
  150.103388   2.203584   1.1414
  150.109248   2.205746   0.934
  150.160855   2.203721   1.157
  150.117167   2.196422   1.158
  150.166443   2.183729   1.1567
  150.162637   2.180246   1.249
  150.091196   2.178822   0.9715
  150.18427    2.172602   1.1473
  150.104354   2.168319   1.2176
  150.203596   2.165813   1.2396
  150.206226   2.159803   1.0204
  150.084886   2.153629   1.0984
  150.098037   2.142507   1.1441
  150.197725   2.139764   0.9079
  150.085809   2.129365   0.9425
  150.118287   2.292116   1.0992
  149.896764   2.290527   1.2326
  149.914634   2.287984   1.2455
  150.021152   2.287251   1.1561
  150.027057   2.284327   1.1811
  149.931663   2.277788   1.1419
  149.983397   2.277298   1.0928
  149.986595   2.275467   0.851
  149.908561   2.273004   0.9873
  149.916187   2.253329   1.0998
  149.921103   2.250381   0.881
  150.023306   2.245788   1.1637
  150.008902   2.241268   1.1352
  149.999005   2.235992   1.139
  149.988953   2.228972   1.0201
  150.006688   2.22559    1.1843
  150.050724   2.218809   0.9383
  149.913673   2.222399   1.1468
  149.896295   2.21822    1.1334
  149.95073    2.215991   0.9596
  149.999754   2.208516   1.0721
  150.014722   2.201882   0.9411
  149.925822   2.197051   0.9043
  149.920105   2.194088   0.9893
  150.001428   2.192587   1.2364
  149.921979   2.192337   1.0622
  149.97944    2.178098   1.0325
  150.043205   2.172829   1.2192
  149.89884    2.158614   0.9858
  149.922707   2.150789   0.8937
  149.941231   2.149      0.969
  149.940118   2.140245   1.2216
  149.976596   2.133335   0.9543
  149.982664   2.128694   1.1811
  149.742904   2.29119    0.8914
  149.825339   2.287183   1.033
  149.858955   2.282493   0.9764
  149.741455   2.285652   1.1867
  149.818111   2.2849     1.0158
  149.749586   2.283542   1.0149
  149.800869   2.278422   0.9479
  149.825029   2.274284   1.0963
  149.756705   2.271339   0.904
  149.892475   2.260439   1.1792
  149.737511   2.263635   1.2433
  149.789683   2.263571   1.2238
  149.82947    2.261314   1.2393
  149.890593   2.262738   1.2407
  149.731652   2.253812   1.026
  149.785467   2.252396   1.2058
  149.888717   2.244278   1.179
  149.729706   2.243191   1.2031
  149.730886   2.229904   1.0703
  149.779491   2.239671   1.0137
  149.792433   2.237839   1.139
  149.889932   2.237405   1.2106
  149.809754   2.232813   1.1148
  149.784139   2.230916   0.8926
  149.736995   2.223501   0.9145
  149.834905   2.220582   0.9998
  149.752539   2.214014   1.0319
  149.780215   2.217732   1.1594
  149.778461   2.215312   1.188
  149.888993   2.213488   1.1792
  149.792215   2.21324    0.975
  149.887189   2.208601   1.1715
  149.810605   2.208048   1.1315
  149.81145    2.205481   1.1572
  149.754076   2.205209   1.2211
  149.812431   2.202827   1.0327
  149.874816   2.199121   0.9231
  149.74233    2.195583   0.9375
  149.821183   2.186931   1.2466
  149.758206   2.18115    0.8812
  149.828814   2.179458   1.2458
  149.875764   2.178915   0.8862
  149.818392   2.175247   0.9753
  149.818713   2.172172   1.1054
  149.732871   2.159245   1.0
  149.884809   2.160412   0.9581
  149.795371   2.148823   0.8698
  149.753602   2.149995   1.1553
  149.891398   2.147287   1.0223
  149.83676    2.142719   1.1226
  149.875663   2.137241   1.0297
  149.831898   2.133574   1.029
  149.811035   2.131354   1.1827
  149.845626   2.29147    1.1645
  149.708851   2.265594   1.1703
  149.690776   2.255927   1.0276
  149.713735   2.227693   1.2138
  149.692382   2.218309   1.1731
  149.707501   2.210009   1.1543
  149.687815   2.207131   0.9458
  149.709043   2.198671   1.1717
  149.704945   2.183527   1.2208
  149.696096   2.16841    1.2289
  149.702667   2.165803   1.2487
  149.699728   2.157499   0.9165
  149.699572   2.139851   1.2307
  149.689927   2.135901   1.1585
  149.685848   2.131179   1.1089
  150.296815   2.293843   1.019
  150.241043   2.428773   1.2028
  150.230752   2.405643   0.9107
  150.232587   2.351463   1.2114
  150.257652   2.347077   1.1644
  150.277779   2.344358   1.055
  150.27185    2.320783   1.21
  150.242464   2.317459   1.2385
  150.339353   2.308162   1.2425
  150.202642   2.294022   1.0973
  150.097146   2.448015   1.099
  150.164331   2.442185   0.9141
  150.210197   2.433831   1.2299
  150.130735   2.419172   1.1277
  150.18988    2.407718   1.1389
  150.068242   2.40715    0.889
  150.19404    2.393255   0.945
  150.163655   2.384854   0.9544
  150.201757   2.38229    1.1164
  150.103452   2.38111    1.0485
  150.225371   2.379855   0.896
  150.131769   2.377913   1.2058
  150.164919   2.376692   1.0448
  150.071787   2.361043   0.905
  150.082413   2.365506   1.2122
  150.221727   2.358988   1.2211
  150.087983   2.354815   1.2141
  150.086073   2.352844   0.9063
  150.208852   2.357089   1.0201
  150.103493   2.346138   1.0305
  150.093072   2.342017   1.0995
  150.075471   2.326069   0.9232
  150.100653   2.32027    1.2152
  150.167009   2.309602   1.1567
  150.176111   2.304565   1.2358
  150.075632   2.459448   1.1172
  149.920302   2.454759   1.234
  149.930842   2.452816   1.1261
  149.947528   2.4479     1.2471
  150.037993   2.433631   1.1988
  149.896      2.410361   1.1695
  149.932965   2.412726   1.1607
  149.908239   2.406203   0.9423
  149.927083   2.404259   1.1639
  149.930673   2.397851   1.2117
  149.983997   2.38901    1.0638
  149.922902   2.390163   1.162
  149.895256   2.3855     1.0472
  149.904006   2.383317   0.855
  150.03907    2.368458   1.2152
  150.009118   2.371851   1.0303
  149.944742   2.365241   0.854
  149.987925   2.3644     0.9299
  150.013123   2.35695    1.113
  149.943451   2.355983   1.1602
  149.998543   2.349862   1.048
  149.954619   2.344813   1.239
  149.951043   2.340631   0.934
  149.902448   2.346599   1.1999
  150.009436   2.342505   0.9771
  149.979279   2.340425   1.0024
  149.900725   2.338461   1.128
  149.903645   2.335151   0.9265
  149.970081   2.335362   0.9351
  149.898282   2.33068    0.9431
  149.899215   2.328364   1.0281
  149.897967   2.32269    1.0207
  149.916593   2.320999   0.9941
  149.988624   2.319428   0.9315
  150.04858    2.313424   1.2141
  149.930557   2.310933   1.2396
  149.932962   2.295506   1.1489
  149.813366   2.294179   1.1841
  149.80441    2.442245   1.1266
  149.812983   2.440182   0.9731
  149.777755   2.435273   1.1886
  149.843035   2.432435   1.1263
  149.878399   2.428731   1.052
  149.829454   2.425851   1.1827
  149.800503   2.380908   0.936
  149.883447   2.373908   0.9595
  149.815651   2.372499   1.0547
  149.802156   2.369677   1.0177
  149.858688   2.355781   1.0538
  149.804716   2.349077   1.2444
  149.834758   2.343891   1.2404
  149.737947   2.345056   1.041
  149.739446   2.34137    1.0572
  149.727666   2.336618   0.9896
  149.893485   2.332955   1.0195
  149.777127   2.329714   0.9568
  149.883086   2.32468    0.9496
  149.811652   2.321871   1.1095
  149.886242   2.31842    1.2318
  149.779883   2.312695   1.0121
  149.884035   2.304068   1.154
  149.737962   2.30154    1.2464
  149.816612   2.300999   1.0588
  149.693611   2.334894   1.1
  149.681706   2.316757   0.9596
  150.242128   2.529587   0.8707
  150.237276   2.510934   1.2087
  150.237358   2.479754   1.2307
  150.200865   2.46067    1.2055
  150.175431   2.582768   1.07
  150.08485    2.580166   1.1827
  150.132229   2.558856   0.8916
  150.066308   2.551972   1.1822
  150.185129   2.548531   1.1693
  150.186961   2.542146   1.0858
  150.189919   2.538095   0.855
  150.22537    2.540336   0.9778
  150.126708   2.532319   1.2114
  150.217959   2.521641   1.1725
  150.166696   2.526849   0.9216
  150.209957   2.515872   0.881
  150.132382   2.503289   1.099
  150.167345   2.499033   1.1722
  150.177403   2.490657   1.1655
  150.181643   2.488986   1.1655
  150.18814    2.482751   1.1637
  150.170563   2.473461   1.2487
  150.179733   2.476142   1.0008
  150.211487   2.464587   1.07
  150.167631   2.46739    1.1682
  149.928683   2.624862   1.0012
  150.0402     2.622356   1.1736
  149.910007   2.622249   1.0547
  149.976698   2.620388   1.0013
  149.995997   2.617559   1.099
  149.927538   2.616053   0.9239
  150.028756   2.60945    1.2162
  150.014588   2.59931    1.2428
  149.908584   2.572643   0.8906
  149.987495   2.574302   1.1122
  149.941795   2.548009   1.2194
  150.048923   2.545825   0.9041
  150.042645   2.538869   1.2468
  149.906429   2.510175   0.9111
  149.977859   2.504189   1.0858
  149.896623   2.498736   1.1489
  150.018581   2.499525   1.0287
  149.944882   2.493524   1.0259
  149.951759   2.486213   1.0321
  149.945118   2.478621   0.9584
  150.016464   2.479513   1.1833
  149.882432   2.618408   1.0244
  149.876849   2.580068   1.1746
  149.878938   2.574357   1.0754
  149.737678   2.580786   1.1242
  149.828764   2.577686   0.942
  149.877874   2.555246   1.0059
  149.819232   2.553198   1.018
  149.746042   2.544799   0.9607
  149.8734     2.542273   1.0064
  149.74345    2.537962   1.1237
  149.881626   2.535937   1.087
  149.891968   2.52657    0.924
  149.889457   2.519161   1.1765
  149.729016   2.520012   0.961
  149.886448   2.503621   1.1535
  149.727538   2.497276   1.0013
  149.892147   2.496862   1.0247
  149.889219   2.470139   1.1269
  149.745508   2.466992   1.1163
  149.883769   2.461937   1.1752
  149.879476   2.46564    1.0005
  149.690658   2.521728   1.1653
  149.683844   2.513768   1.1521
  149.719723   2.512112   1.0694
  149.705956   2.502819   0.972
  149.705829   2.504513   0.972
  149.721666   2.487358   0.9814
  149.705458   2.485028   1.0539
  149.708948   2.477142   1.2466
  149.716553   2.470831   1.2237
  149.913472   2.696658   0.9989
  149.950168   2.699274   1.037
  150.02411    2.69625    0.9227
  149.922184   2.694191   1.1159
  149.996766   2.693663   1.0373
  149.971081   2.688727   1.1527
  149.978238   2.684181   0.982
  149.916342   2.682708   1.1687
  149.897202   2.679964   0.9925
  150.019033   2.67317    1.0899
  149.99531    2.667858   1.084
  150.015456   2.665845   1.1752
  150.01495    2.656737   1.245
  149.916593   2.655968   1.1151
  149.926591   2.646421   1.035
  149.938606   2.642418   0.8967
  149.91194    2.640526   0.9433
  149.978882   2.638058   1.1121
  149.92427    2.631679   1.1795
  149.876379   2.648927   1.1167
  150.239563   1.769929   1.3045
  150.300789   1.763336   1.6493
  150.264835   1.736281   1.2597
  150.288482   1.72786    1.359
  150.28629    1.724947   1.3442
  150.290797   1.676911   1.4387
  150.330972   1.641471   1.3196
  150.291632   1.647374   1.5562
  150.225497   1.788915   1.5089
  150.090065   1.762753   1.3708
  150.197002   1.751568   1.4183
  150.073545   1.732362   1.4397
  150.219593   1.723019   1.5449
  150.105395   1.716594   1.3048
  150.190603   1.704828   1.4408
  150.174504   1.681719   1.4529
  150.144182   1.680717   1.4153
  150.027509   1.784841   1.2895
  150.022505   1.751377   1.4408
  150.020149   1.749525   1.2723
  149.972548   1.746706   1.4371
  149.968573   1.725728   1.4398
  149.982461   1.703721   1.4821
  149.897853   1.70331    1.464
  150.050868   1.689844   1.583
  150.022494   1.679227   1.3646
  150.031919   1.664346   1.597
  150.012024   1.652137   1.5189
  149.970328   1.645243   1.4325
  149.798196   1.788507   1.3904
  149.812015   1.78627    1.308
  149.859409   1.783791   1.4663
  149.81687    1.778593   1.5599
  149.893729   1.767163   1.4405
  149.731385   1.76251    1.4239
  149.827303   1.757032   1.4285
  149.793535   1.73837    1.2917
  149.844739   1.723673   1.4483
  149.755368   1.714817   1.4121
  149.789449   1.693598   1.5079
  149.816731   1.687231   1.4403
  149.843544   1.670454   1.2831
  149.814748   1.664882   1.5076
  149.831563   1.658027   1.5081
  149.828958   1.655119   1.3161
  149.801284   1.647319   1.5178
  149.836042   1.644109   1.2756
  149.736841   1.641393   1.315
  149.59698    1.785646   1.3348
  149.635495   1.774624   1.334
  149.713925   1.773603   1.3153
  149.698556   1.766897   1.3491
  149.681958   1.724357   1.2801
  149.725568   1.687459   1.4497
  149.694352   1.666381   1.4097
  149.710551   1.650227   1.4408
  150.293151   1.943366   1.2621
  150.335729   1.922901   1.611
  150.231785   1.89068    1.2619
  150.257084   1.857667   1.4599
  150.292811   1.82017    1.4851
  150.330627   1.813667   1.4223
  150.324448   1.802156   1.2621
  150.07161    1.941478   1.2729
  150.195137   1.940347   1.3826
  150.117825   1.920635   1.524
  150.133955   1.89716    1.4153
  150.088751   1.883264   1.4465
  150.136026   1.880191   1.4019
  150.165871   1.878842   1.4472
  150.162622   1.866915   1.3316
  150.195741   1.860607   1.4486
  150.180946   1.858829   1.4724
  150.205752   1.854878   1.5827
  150.164859   1.848902   1.3933
  150.122363   1.835979   1.4191
  150.196018   1.832205   1.2814
  150.192071   1.820453   1.421
  150.195758   1.81586    1.4177
  150.214184   1.811546   1.36
  150.140753   1.803701   1.4542
  150.140746   1.797623   1.3373
  149.908301   1.946892   1.4639
  150.028472   1.940603   1.4644
  150.007588   1.932622   1.3609
  150.031552   1.919759   1.2811
  149.94673    1.922125   1.4754
  149.990708   1.917502   1.4169
  150.037354   1.907677   1.2967
  150.04592    1.905754   1.4454
  149.897537   1.894126   1.3598
  149.924109   1.8893     1.5511
  150.007374   1.879034   1.4596
  149.902293   1.876751   1.5063
  149.978569   1.867547   1.4194
  149.954185   1.864306   1.4709
  149.968724   1.859616   1.2825
  149.915854   1.853622   1.311
  149.933282   1.807597   1.3152
  149.95422    1.803752   1.4092
  149.903855   1.794825   1.4395
  149.82336    1.933928   1.4567
  149.737855   1.924932   1.4787
  149.889654   1.92013    1.33
  149.802174   1.910376   1.3373
  149.823563   1.908468   1.4403
  149.806543   1.895536   1.3617
  149.758077   1.891271   1.612
  149.827974   1.881902   1.4416
  149.875952   1.882811   1.3099
  149.843338   1.874978   1.4397
  149.820269   1.871006   1.3676
  149.734882   1.867713   1.4317
  149.831764   1.84999    1.487
  149.834316   1.83818    1.4856
  149.818377   1.817706   1.4585
  149.736483   1.817736   1.3627
  149.82655    1.803184   1.4124
  149.713849   1.950753   1.4483
  149.588318   1.942975   1.3367
  149.6074     1.94103    1.3181
  149.627385   1.938278   1.3609
  149.63062    1.935563   1.6177
  149.659391   1.931355   1.4883
  149.627403   1.908093   1.381
  149.613576   1.896679   1.6318
  149.714609   1.896286   1.3482
  149.61135    1.893365   1.3802
  149.611933   1.8906     1.3222
  149.638178   1.886083   1.4207
  149.647597   1.879625   1.572
  149.62295    1.866784   1.3488
  149.595061   1.860391   1.3563
  149.707768   1.856092   1.4859
  149.667165   1.855972   1.4717
  149.662123   1.853324   1.5068
  149.688366   1.849576   1.3641
  149.617267   1.848671   1.3421
  149.648144   1.841872   1.433
  149.652628   1.8437     1.5669
  149.659488   1.839524   1.2734
  149.726686   1.836399   1.4454
  149.585444   1.837415   1.5047
  149.718264   1.834199   1.3131
  149.718054   1.831231   1.4887
  149.661884   1.827047   1.3762
  149.591226   1.82431    1.2503
  149.688864   1.815015   1.3818
  149.585296   1.806196   1.2739
  149.712811   1.803402   1.3644
  149.721633   1.799306   1.3641
  150.270324   2.110503   1.6243
  150.298453   2.053956   1.3311
  150.304836   2.038548   1.4848
  150.276979   2.018125   1.4542
  150.29226    2.013907   1.6034
  150.280774   2.016091   1.4446
  150.317289   1.997531   1.3182
  150.320524   1.992961   1.5785
  150.299029   1.984314   1.4129
  150.241438   1.972039   1.3131
  150.320891   1.963548   1.6093
  150.095656   2.104695   1.437
  150.107737   2.09343    1.2643
  150.171361   2.081626   1.2603
  150.190889   2.076712   1.4937
  150.122588   2.0728     1.4057
  150.092933   2.0581     1.367
  150.129974   2.049952   1.4043
  150.139731   2.038278   1.3874
  150.188229   2.024529   1.3367
  150.208353   2.031095   1.4011
  150.227236   2.007706   1.3287
  150.081422   1.999185   1.337
  150.068225   1.991069   1.4454
  150.108362   1.965425   1.4285
  149.932433   2.119661   1.3045
  150.009006   2.112944   1.3501
  149.913519   2.085342   1.3311
  149.911051   2.087799   1.3287
  149.911699   2.065029   1.2844
  149.899398   2.067383   1.3281
  149.995985   2.056772   1.3593
  149.93127    2.022279   1.4242
  149.917165   1.97439    1.4846
  150.028972   1.972142   1.3389
  149.759608   2.121992   1.271
  149.852795   2.124758   1.3067
  149.884503   2.122639   1.2519
  149.843315   2.109415   1.4443
  149.829507   2.106558   1.4064
  149.782624   2.095736   1.3584
  149.830216   2.089058   1.4392
  149.786083   2.084757   1.4797
  149.891648   2.080882   1.2871
  149.844865   2.076387   1.282
  149.827325   2.066042   1.4159
  149.733849   2.066909   1.4822
  149.798176   2.03919    1.282
  149.813712   2.032651   1.4172
  149.805991   2.030134   1.3308
  149.832484   2.010748   1.3598
  149.807381   2.003094   1.4363
  149.76096    1.997436   1.2999
  149.759747   1.977608   1.2619
  149.754862   1.963518   1.3622
  149.690686   2.100258   1.334
  149.72646    2.042372   1.531
  149.715046   1.983062   1.2637
  149.653569   1.982291   1.6391
  150.280328   2.283017   1.363
  150.263291   2.278162   1.367
  150.278017   2.267687   1.4647
  150.290784   2.231694   1.6426
  150.3189     2.213339   1.2938
  150.287135   2.202175   1.2847
  150.296792   2.19921    1.4349
  150.298045   2.16516    1.5031
  150.310369   2.168212   1.4105
  150.332894   2.143143   1.4355
  150.196455   2.2838     1.4433
  150.217118   2.241432   1.2855
  150.169129   2.235291   1.4846
  150.184492   2.208836   1.4127
  150.14101    2.19843    1.3389
  150.161046   2.192898   1.2637
  150.094091   2.171036   1.5728
  150.127223   2.155974   1.5964
  150.204304   2.154641   1.5613
  150.081058   2.151859   1.4859
  150.204602   2.135398   1.2731
  149.912284   2.28162    1.5554
  150.026868   2.273645   1.4727
  149.998243   2.258343   1.4059
  149.904056   2.257485   1.3236
  149.945777   2.255623   1.6367
  149.983289   2.237948   1.322
  149.897998   2.234811   1.3418
  149.981745   2.233125   1.4097
  150.013069   2.221868   1.2621
  149.906059   2.211246   1.2772
  149.994572   2.203618   1.3254
  149.976413   2.196536   1.4725
  149.971675   2.194537   1.4725
  150.012839   2.190872   1.3206
  149.939632   2.189527   1.477
  149.912606   2.174429   1.3584
  149.984699   2.167472   1.4553
  149.994561   2.16045    1.2519
  149.987445   2.155682   1.4059
  149.996916   2.149661   1.3292
  149.993813   2.138503   1.2552
  149.969629   2.135748   1.4875
  149.925378   2.135007   1.472
  149.919972   2.129585   1.2737
  149.751748   2.277443   1.4459
  149.844361   2.276356   1.327
  149.878907   2.274992   1.4017
  149.855831   2.270431   1.2801
  149.885642   2.26996    1.3413
  149.879627   2.266023   1.4129
  149.836919   2.255285   1.4132
  149.812517   2.226046   1.5517
  149.733934   2.202806   1.3603
  149.782174   2.198559   1.4776
  149.820054   2.195706   1.365
  149.878251   2.176594   1.5012
  149.759146   2.170788   1.3628
  149.787027   2.155296   1.3206
  149.849366   2.153405   1.51
  149.852945   2.14639    1.4768
  149.786893   2.151041   1.4432
  149.875882   2.144135   1.311
  149.851473   2.136078   1.6144
  149.7969     2.127754   1.5068
  149.697017   2.127196   1.2914
  149.700328   2.275289   1.4848
  149.682946   2.143889   1.3995
  150.236209   2.42648    1.4059
  150.33034    2.329892   1.523
  150.235661   2.328425   1.3837
  150.267374   2.324083   1.5366
  150.279968   2.296626   1.2621
  150.076629   2.428324   1.4845
  150.21494    2.416684   1.5224
  150.198371   2.390953   1.4376
  150.128654   2.389259   1.415
  150.219426   2.386699   1.3425
  150.124807   2.382299   1.3152
  150.142883   2.373266   1.2831
  150.067163   2.375173   1.372
  150.212088   2.372577   1.5843
  150.179089   2.364172   1.3426
  150.08517    2.357347   1.3474
  150.182821   2.332036   1.261
  150.128509   2.32979    1.3249
  150.198798   2.324369   1.2603
  150.11515    2.306906   1.5165
  150.08537    2.300797   1.2511
  150.085801   2.297686   1.2525
  149.923      2.293085   1.6278
  149.951976   2.424741   1.535
  149.921395   2.408118   1.2557
  149.947651   2.402009   1.5159
  149.983279   2.401038   1.4577
  149.993421   2.377229   1.5948
  149.894363   2.370933   1.2562
  150.02678    2.361029   1.2549
  149.952887   2.342576   1.4135
  150.003121   2.32998    1.4663
  150.036382   2.317331   1.4628
  149.917243   2.309061   1.4972
  149.89553    2.305768   1.6299
  149.97794    2.296731   1.4075
  149.900949   2.459035   1.4135
  149.852477   2.456545   1.3141
  149.881015   2.450825   1.3133
  149.797312   2.410071   1.4073
  149.789379   2.405741   1.2559
  149.878183   2.39189    1.5814
  149.876462   2.377836   1.3687
  149.859583   2.367752   1.3708
  149.837533   2.345836   1.4572
  149.83068    2.337224   1.4532
  149.813      2.327045   1.4848
  149.835772   2.315808   1.5267
  149.891192   2.302262   1.5348
  150.115367   2.582164   1.4693
  150.209035   2.575046   1.5814
  150.080447   2.574127   1.4403
  150.102324   2.570826   1.4532
  150.176141   2.571835   1.2653
  150.210243   2.565505   1.3987
  150.200118   2.561941   1.3549
  150.120419   2.53999    1.465
  150.133829   2.536165   1.5085
  150.187798   2.534879   1.4014
  150.176468   2.533009   1.3402
  150.094043   2.530255   1.5428
  150.108288   2.518941   1.4231
  150.074708   2.51294    1.3185
  150.126157   2.509155   1.4242
  150.076812   2.495791   1.2648
  150.17313    2.493797   1.5089
  149.95477    2.611143   1.5608
  149.99132    2.611378   1.3273
  149.924127   2.589715   1.5599
  149.954764   2.586735   1.2935
  150.010301   2.582947   1.3617
  149.987348   2.578675   1.3306
  149.920136   2.570048   1.4301
  149.906641   2.566467   1.4301
  149.993655   2.561692   1.3603
  149.894107   2.557909   1.3182
  149.925044   2.552328   1.4504
  149.944917   2.545136   1.3131
  149.943441   2.540234   1.325
  150.00033    2.511208   1.3265
  149.924668   2.500818   1.424
  149.974217   2.496791   1.4459
  149.904819   2.488771   1.3196
  149.908553   2.483333   1.2758
  149.87648    2.600818   1.253
  149.877862   2.598288   1.253
  149.882101   2.583498   1.5613
  149.877727   2.576411   1.3306
  149.874631   2.563152   1.2672
  149.754482   2.553954   1.323
  149.745845   2.546483   1.3214
  149.739285   2.533506   1.2528
  149.751556   2.491821   1.4475
  149.732538   2.482575   1.3735
  149.839738   2.472026   1.4196
  149.881091   2.463642   1.6219
  149.699545   2.560339   1.3225
  149.690821   2.552011   1.5082
  149.704577   2.528549   1.5191
  149.710925   2.494772   1.4024
  150.017615   2.681315   1.3818
  150.002752   2.674955   1.4843
  149.909595   2.665158   1.3007
  149.947143   2.662768   1.3498
  149.915917   2.65178    1.4006
  149.873679   2.66851    1.2989
  149.87951    2.644131   1.4408
  150.241684   1.762039   1.73
  150.139948   1.780935   1.6804
  150.207026   1.683583   1.6866
  150.023021   1.715315   1.6523
  150.23917    1.933457   1.7072
  149.92921    1.903206   1.6853
  149.948      1.813914   1.7182
  149.923096   2.017922   1.703
  150.130033   2.302758   1.7392
  149.855475   2.397238   1.729
  149.835654   2.358536   1.6984
  149.762534   2.536085   1.6603
  149.751795   2.499721   1.6793
  149.940463   1.695651   4.195
  150.169558   1.834597   4.156
  150.170432   1.830014   4.058
  150.311236   2.238127   4.816
  149.807516   2.414649   3.646
